a 1.4586909201193616 1.1984526620880542 1.5548549962153164 1.078945154018901 1.321503468445497 1.0999644066076946 1.4272070222958462 0.9773229006063854 1.046882693396351 0.9041986354002418 1.085853246477529 0.875862783473101
b 1.4539708972051621 1.3798443924483093 1.7303442701268672 1.1079813718857243 1.1001823914477973 1.132529246781871 1.3567063357383322 0.9170097485611534 1.075024498895901 1.1031272603018558 1.294407056958882 0.8730638190608513
c 1.3360739871402407 1.4310830995204187 1.8269117155697372 1.0744216817272316 1.2993908417290416 1.1968174107647602 1.5419130905944425 1.0016167123640176 1.0650195115465393 0.966057039489357 1.3619916908093013 0.8505312877490119
d 1.3399183991998704 1.2949886854401198 1.6157548747794235 1.0982185874054755 1.0832671936952905 1.1125097601116567 1.385876088763115 0.9460618944808615 1.1116171751048558 0.8436334565070743 1.3239905195120527 0.8761928890720466
e 1.3455917230736476 1.420554734312727 1.9059761748170825 1.106182422797542 1.1192826307641706 1.1843879640584454 1.8579770510583333 0.9407570875604174 0.9579226537887868 0.9874162051783837 1.849876196436848 0.8364588917253251
a 1.4511585528012652 1.3105208149698822 1.4920061565682006 1.1026028502337504 1.2528303203741364 1.0947853473205693 1.4429924402953764 0.9613558445395368 0.9043325256683928 0.8720974475204593 1.1880005140731873 0.7816871571958969
b 1.402927675033532 1.360870364748358 1.59436288205157 1.1117661632297227 1.064998469117943 1.156021748695676 1.384608987438161 0.9226238679994309 0.9529604576424182 0.8473065615136608 1.37376908162044 0.839340209606657
c 1.292497134073913 1.423334521453742 1.6557561702420178 1.0836770794582669 1.28441110268907 1.250785326666775 1.4810563869243825 0.9770917288841814 1.0156516153776474 1.0740132443204304 1.3174634539068046 0.8655229896581985
d 1.4253799990006744 1.2400514664694906 1.717382010001322 1.0815587177432437 1.210516859054898 1.2734822062338436 1.3566917894353054 0.9743407730996922 1.244696297379943 1.1474954065777172 1.4289485985031702 0.8877593983557638
e 1.382092619864999 1.4504277787971847 1.7697383654562802 1.0631825445013128 1.2018537616649847 1.3081341132418356 1.5879294271497562 1.007081413951601 1.0946993295653478 1.0707835179656575 1.3961227879364804 0.872996738556142
a 1.4785891562040665 1.1317881913182364 1.4801577453192936 1.068956244358775 1.286548489641158 1.1322655628428908 1.3989085758520277 1.0004180329519818 1.0820386073455084 1.0182780062080783 1.245295408956997 0.8517878457346719
b 1.3913399226590086 1.2688789036247303 1.66569988295072 1.101578895205477 1.1613456155263346 1.0678577230049116 1.3792228066570689 0.9473728252975093 0.9548542497421711 0.8856413183831684 1.0764528449149902 0.821833306244358
c 1.3862229003363233 1.347131235955631 1.5330513187147463 1.0862006478241328 1.1661298404763227 1.2005909716253864 1.337736761463429 0.9869329628427423 0.9950841010989826 0.8937121984715729 1.1473378584712648 0.8148553613536911
d 1.3309869934425163 1.3811527586500418 1.501472844777603 1.0963987854913844 1.1358980222936121 1.1324870342820021 1.3616151252791961 0.9589067283415345 0.965610932244525 0.9898060690423175 1.3491842087945336 0.8482459126560971
e 1.3560477807914009 1.3276903279886887 1.5400036035788112 1.0998855519249213 1.1387072105262326 1.1138716588705733 1.4411549526830734 0.9494529672825955 0.964872885119143 0.8398435611612234 1.3051190045203611 0.8429727711963214
